a_X:0.000732 a_Y:-0.199707 a_Z:1.001587 m_X:9.497070 m_Y:19.458008 m_Z:-33.984375 g_X:2.685547 g_Y:-0.122070 g_Z:0.183105
a_X:0.033732 a_Y:-0.122207 a_Z:1.04 m_X:9.4270 m_Y:19.4408 m_Z:-344.98415 g_X:15547 g_Y:-0.1220 g_Z:0.18205